0	file:/Users/nevermoar/Documents/mallet-2.0.8/sample-data/web/en/cosmos.txt	2.32E-04	1.25E-04	0.214391705	1.44E-04	1.87E-04	1.87E-04	1.74E-04	1.48E-04	2.53E-04	0.002632181	0.382738177	1.15E-04	1.43E-04	0.0028279	1.85E-04	1.20E-04	0.00250126	0.007909646	1.80E-04	0.384805403
1	file:/Users/nevermoar/Documents/mallet-2.0.8/sample-data/web/en/attritionwebsite.txt	0.001110381	6.01E-04	6.64E-04	6.91E-04	8.94E-04	0.164200354	8.36E-04	7.08E-04	0.001211338	9.46E-04	0.002353535	5.51E-04	0.152327038	0.573450693	8.89E-04	5.75E-04	3.19E-04	0.096218298	8.61E-04	5.93E-04
2	file:/Users/nevermoar/Documents/mallet-2.0.8/sample-data/web/en/robocopcharacter.txt	0.150328229	1.43E-05	1.58E-05	0.001400389	0.033790691	0.035451528	1.98E-05	1.68E-05	8.59E-04	2.25E-05	0.050156476	1.31E-05	0.025205012	0.095263574	2.11E-05	0.01302321	0.477762716	0.078679774	0.037941905	1.41E-05
3	file:/Users/nevermoar/Documents/mallet-2.0.8/sample-data/web/en/submarinesnorkel.txt	0.017841459	0.006725474	0.101507551	0.006742408	0.597441347	0.207341213	1.58E-04	0.030989133	0.02226845	0.002382729	4.45E-04	1.04E-04	1.30E-04	3.56E-04	0.004575804	1.09E-04	6.03E-05	5.48E-04	1.63E-04	1.12E-04
4	file:/Users/nevermoar/Documents/mallet-2.0.8/sample-data/web/en/nathanrabin.txt	0.013003652	1.10E-04	1.21E-04	1.26E-04	1.63E-04	0.012964359	1.53E-04	1.29E-04	2.22E-04	1.73E-04	0.075100426	1.01E-04	1.26E-04	0.017411973	0.083366198	0.006505531	5.83E-05	0.463484454	0.326571956	1.08E-04
5	file:/Users/nevermoar/Documents/mallet-2.0.8/sample-data/web/en/microsoftpowerpoint.txt	2.00E-05	1.08E-05	2.22E-04	1.25E-05	2.26E-04	0.006537346	0.018526854	0.005902876	2.18E-05	0.016635595	0.123314084	9.95E-06	0.674430265	0.057883293	0.005695776	1.04E-05	5.75E-06	0.071575116	0.018948035	1.07E-05
6	file:/Users/nevermoar/Documents/mallet-2.0.8/sample-data/web/en/recordproducer.txt	0.003318425	0.009704364	6.11E-05	0.003279867	0.049399778	8.23E-05	0.006509551	6.51E-05	0.001183459	8.70E-05	0.16103469	5.07E-05	0.120140848	0.036625313	0.560801725	0.003269258	2.93E-05	2.67E-04	0.044036176	5.45E-05
7	file:/Users/nevermoar/Documents/mallet-2.0.8/sample-data/web/en/echiumwildpretii.txt	6.91E-04	3.74E-04	4.13E-04	4.30E-04	5.56E-04	5.57E-04	0.610412425	0.036743654	0.008014616	0.007849558	0.001464952	3.43E-04	4.28E-04	0.001172599	0.007813706	0.247219319	1.99E-04	0.0744121	5.36E-04	3.69E-04
8	file:/Users/nevermoar/Documents/mallet-2.0.8/sample-data/web/en/hackthissite.txt	1.27E-04	6.88E-05	7.61E-05	7.91E-05	0.002773523	0.002773732	9.57E-05	8.10E-05	1.39E-04	1.08E-04	0.211293689	6.31E-05	0.428805047	0.265999358	1.02E-04	0.005408274	0.042775597	0.039064485	9.86E-05	6.79E-05
9	file:/Users/nevermoar/Documents/mallet-2.0.8/sample-data/web/en/childreninneed2010.txt	0.09177183	7.74E-05	8.55E-05	8.90E-05	1.15E-04	1.15E-04	1.08E-04	9.11E-05	0.097793279	1.22E-04	3.03E-04	0.001573128	0.006096898	2.43E-04	0.585938161	7.41E-05	4.11E-05	0.213673535	1.11E-04	0.001578475
10	file:/Users/nevermoar/Documents/mallet-2.0.8/sample-data/web/en/diminutive.txt	6.19E-04	3.35E-04	3.70E-04	3.85E-04	4.98E-04	4.99E-04	0.553386202	0.058939179	6.76E-04	5.28E-04	0.35908433	3.08E-04	3.83E-04	0.007555498	0.013505406	3.21E-04	1.78E-04	0.00161793	4.80E-04	3.31E-04
11	file:/Users/nevermoar/Documents/mallet-2.0.8/sample-data/web/en/pitbullrapper.txt	0.004205423	0.020830876	2.63E-05	2.74E-05	3.54E-05	3.55E-05	0.029625367	2.81E-05	4.80E-05	3.75E-05	0.00101805	2.19E-05	2.72E-05	0.036602594	0.780530513	2.28E-05	1.26E-05	0.109698763	0.01714215	2.35E-05
12	file:/Users/nevermoar/Documents/mallet-2.0.8/sample-data/web/en/nortonmotorcyclecomp.txt	3.83E-05	0.032646147	2.29E-05	2.39E-05	0.644080145	0.022586746	2.89E-05	2.44E-05	0.058042514	3.27E-05	8.13E-05	0.013713649	2.37E-05	0.094316165	0.009294681	1.99E-05	1.10E-05	0.124962769	2.97E-05	2.05E-05
13	file:/Users/nevermoar/Documents/mallet-2.0.8/sample-data/web/en/thumbaequatorialrock.txt	8.44E-04	4.57E-04	0.30211275	5.25E-04	6.80E-04	0.16035566	0.044989643	5.38E-04	0.178337442	7.20E-04	0.001789835	4.19E-04	5.22E-04	0.081269951	6.76E-04	4.38E-04	2.43E-04	0.002206376	6.55E-04	0.222221257
14	file:/Users/nevermoar/Documents/mallet-2.0.8/sample-data/web/en/nagercoil.txt	0.006357032	3.60E-05	0.0063303	0.010525561	0.007741939	5.37E-05	0.071342393	4.24E-05	0.425030693	0.091618392	0.007130466	3.30E-05	0.004933766	0.071405195	5.32E-05	3.45E-05	1.91E-05	1.74E-04	5.16E-05	0.297086842
15	file:/Users/nevermoar/Documents/mallet-2.0.8/sample-data/web/en/roywinsor.txt	0.069752256	3.56E-04	3.93E-04	4.09E-04	0.007438841	0.014349374	4.95E-04	4.19E-04	0.028355339	5.60E-04	0.001394098	3.27E-04	4.07E-04	0.001115884	5.26E-04	3.41E-04	1.89E-04	0.685754394	0.187065357	3.51E-04
16	file:/Users/nevermoar/Documents/mallet-2.0.8/sample-data/web/en/moorgatestation.txt	8.80E-05	4.76E-05	5.26E-05	5.48E-05	7.08E-05	9.95E-04	6.62E-05	5.61E-05	0.125820621	7.50E-05	0.001110968	0.87087159	5.44E-05	1.49E-04	7.04E-05	4.56E-05	2.53E-05	2.30E-04	6.83E-05	4.70E-05
17	file:/Users/nevermoar/Documents/mallet-2.0.8/sample-data/web/en/khurshidoftabaristan.txt	0.027437005	1.00E-04	1.11E-04	1.15E-04	1.49E-04	0.724266274	1.39E-04	1.18E-04	2.02E-04	0.002104443	0.012072053	9.20E-05	1.15E-04	0.002260921	1.48E-04	9.60E-05	5.32E-05	0.029682411	1.44E-04	0.20059367
18	file:/Users/nevermoar/Documents/mallet-2.0.8/sample-data/web/en/birminghamcitycentre.txt	1.19E-04	6.47E-05	7.15E-05	7.43E-05	9.62E-05	9.64E-05	8.99E-05	7.62E-05	0.936458454	0.002612072	2.53E-04	0.046499205	0.005094433	0.007733494	9.56E-05	6.19E-05	3.43E-05	3.12E-04	9.27E-05	6.38E-05
19	file:/Users/nevermoar/Documents/mallet-2.0.8/sample-data/web/en/lasenza.txt	0.002490606	1.17E-04	1.30E-04	1.35E-04	0.088865177	1.75E-04	1.63E-04	1.38E-04	0.020703301	1.84E-04	4.59E-04	0.086524325	0.002408035	0.441547836	0.223037641	1.12E-04	6.22E-05	0.132464971	1.68E-04	1.16E-04
20	file:/Users/nevermoar/Documents/mallet-2.0.8/sample-data/web/en/smallsoldiers.txt	0.135965322	4.97E-05	5.49E-05	5.71E-05	0.040546817	0.01067405	6.90E-05	5.85E-05	1.00E-04	7.82E-05	0.004049001	4.56E-05	0.013547738	0.013646624	0.007782546	4.75E-05	0.322846579	0.297041566	0.153290301	4.90E-05
21	file:/Users/nevermoar/Documents/mallet-2.0.8/sample-data/web/en/geoffreyjenkins.txt	0.030659768	0.004462505	1.24E-04	1.29E-04	1.67E-04	1.67E-04	0.106740322	1.32E-04	2.26E-04	1.76E-04	0.074395454	1.03E-04	1.28E-04	0.011227263	1.66E-04	1.07E-04	0.006585051	0.59871918	0.165475285	1.11E-04
22	file:/Users/nevermoar/Documents/mallet-2.0.8/sample-data/web/en/groharlembrundtland.txt	1.16E-04	6.30E-05	0.001290959	0.625431697	9.36E-05	0.066049642	8.75E-05	0.03183064	1.27E-04	0.119796762	0.010017679	5.77E-05	0.003736136	0.084474203	9.30E-05	0.019602735	3.34E-05	0.036945941	9.02E-05	6.21E-05
23	file:/Users/nevermoar/Documents/mallet-2.0.8/sample-data/web/en/prince.txt	3.23E-05	1.75E-05	1.93E-05	2.01E-05	2.60E-05	0.03358843	0.095626284	0.688897353	3.52E-05	0.017995249	0.073295461	1.60E-05	2.00E-05	0.01463236	2.58E-05	1.67E-05	3.48E-04	8.43E-05	2.50E-05	0.075278379
24	file:/Users/nevermoar/Documents/mallet-2.0.8/sample-data/web/en/frankconroy.txt	3.74E-04	2.02E-04	2.24E-04	2.33E-04	3.01E-04	3.01E-04	2.81E-04	2.38E-04	4.08E-04	3.18E-04	0.114638449	1.86E-04	2.31E-04	0.004559748	0.106293939	1.94E-04	1.07E-04	0.770420824	2.90E-04	2.00E-04
25	file:/Users/nevermoar/Documents/mallet-2.0.8/sample-data/web/en/bonjoursoftware.txt	0.001484545	6.99E-05	7.72E-05	8.03E-05	1.04E-04	1.04E-04	9.71E-05	0.008215312	1.41E-04	1.10E-04	2.73E-04	0.00955266	0.974692108	2.19E-04	1.03E-04	6.69E-05	3.71E-05	0.004403679	1.00E-04	6.89E-05
26	file:/Users/nevermoar/Documents/mallet-2.0.8/sample-data/web/en/globalwarmingcontrov.txt	1.48E-05	8.00E-06	0.285047963	0.054006804	0.005442683	1.19E-05	0.028096083	9.41E-06	1.71E-04	1.26E-05	0.339533544	7.34E-06	9.14E-06	0.231066573	1.18E-05	7.65E-06	4.24E-06	0.055898194	6.32E-04	7.89E-06
27	file:/Users/nevermoar/Documents/mallet-2.0.8/sample-data/web/en/sub7.txt	0.024400479	1.25E-04	1.38E-04	1.43E-04	1.85E-04	1.86E-04	1.73E-04	1.47E-04	2.51E-04	0.007447174	0.082667025	0.00253131	0.807433555	0.039062988	1.84E-04	1.19E-04	6.61E-05	0.034439728	1.78E-04	1.23E-04
28	file:/Users/nevermoar/Documents/mallet-2.0.8/sample-data/web/en/boygeorge.txt	0.026993647	0.007721846	2.19E-05	2.28E-05	2.95E-05	2.96E-05	2.76E-05	0.003874365	0.012363186	3.12E-05	0.020487991	0.010415902	2.27E-05	0.057442069	0.530696904	0.004640196	1.05E-05	0.299318353	7.99E-04	0.025051066
29	file:/Users/nevermoar/Documents/mallet-2.0.8/sample-data/web/en/lasgo.txt	0.001885891	8.88E-05	9.81E-05	1.02E-04	1.32E-04	1.32E-04	1.23E-04	0.008714347	1.79E-04	1.40E-04	3.47E-04	8.14E-05	1.01E-04	0.014053883	0.954104121	8.49E-05	4.71E-05	4.28E-04	0.019068834	8.75E-05
30	file:/Users/nevermoar/Documents/mallet-2.0.8/sample-data/web/en/coccydynia.txt	1.19E-04	0.011275962	7.09E-05	7.38E-05	0.071103199	9.56E-05	8.93E-05	7.56E-05	1.29E-04	1.01E-04	0.084962353	5.89E-05	0.001319104	2.01E-04	9.49E-05	0.827239481	3.41E-05	0.002801347	9.20E-05	6.33E-05
31	file:/Users/nevermoar/Documents/mallet-2.0.8/sample-data/web/en/structuralritualizat.txt	5.04E-04	2.73E-04	0.021496113	3.14E-04	4.06E-04	4.07E-04	3.80E-04	3.21E-04	0.011147435	4.30E-04	0.907128924	2.51E-04	0.042700765	8.56E-04	4.04E-04	2.61E-04	1.45E-04	0.001317883	0.010988386	2.69E-04
32	file:/Users/nevermoar/Documents/mallet-2.0.8/sample-data/web/en/davidzeller.txt	0.00472178	1.16E-04	1.28E-04	1.33E-04	1.73E-04	1.73E-04	1.61E-04	1.37E-04	2.34E-04	1.83E-04	0.018483719	1.07E-04	1.33E-04	0.00261759	1.72E-04	0.009125684	6.16E-05	0.30705373	0.65597169	1.15E-04
33	file:/Users/nevermoar/Documents/mallet-2.0.8/sample-data/web/en/unitedstateslicensep.txt	2.75E-05	1.49E-05	0.01070475	0.054902973	0.566502021	2.22E-05	0.093037793	1.75E-05	0.024006455	2.34E-05	5.83E-05	1.37E-05	0.013016293	0.001491018	2.20E-05	1.43E-05	7.90E-06	0.236081063	2.13E-05	1.47E-05
34	file:/Users/nevermoar/Documents/mallet-2.0.8/sample-data/web/en/aups.txt	4.41E-04	2.39E-04	2.64E-04	2.75E-04	3.55E-04	0.060616601	0.106947242	0.459189811	0.29714953	0.005011438	0.005570718	2.19E-04	2.73E-04	7.49E-04	3.53E-04	2.29E-04	1.27E-04	0.05214278	0.009613114	2.36E-04
35	file:/Users/nevermoar/Documents/mallet-2.0.8/sample-data/web/en/listofpeoplefrombuff.txt	4.99E-05	0.107428303	2.98E-05	0.017320019	4.01E-05	4.02E-05	3.75E-05	0.015225143	0.016295578	0.025190117	1.06E-04	2.48E-05	3.08E-05	8.46E-05	0.073387137	0.004217116	1.43E-05	0.72888741	0.011564673	2.66E-05
36	file:/Users/nevermoar/Documents/mallet-2.0.8/sample-data/web/en/caesarcipher.txt	1.33E-04	7.22E-05	0.246671891	0.001484075	1.07E-04	0.033733764	0.004303661	0.140194164	1.45E-04	1.14E-04	0.115172197	0.00987388	0.403596856	2.26E-04	1.07E-04	6.91E-05	3.83E-05	0.017161582	1.03E-04	0.026691966
37	file:/Users/nevermoar/Documents/mallet-2.0.8/sample-data/web/en/slingweapon.txt	0.024216032	3.11E-05	3.44E-05	3.58E-05	0.487444801	0.108759795	0.164321339	0.02842293	0.030260894	4.90E-05	0.08346882	2.86E-05	3.56E-05	9.75E-05	0.003065825	0.003653576	0.032026577	0.008001745	6.49E-04	0.02539717
38	file:/Users/nevermoar/Documents/mallet-2.0.8/sample-data/web/en/mikemendoza.txt	1.87E-04	1.02E-04	1.12E-04	0.214797998	0.008029118	1.51E-04	1.41E-04	1.20E-04	0.100651768	1.60E-04	0.026001588	0.262043748	1.16E-04	3.18E-04	0.009997801	9.72E-05	5.38E-05	0.374705064	0.002114965	1.00E-04
39	file:/Users/nevermoar/Documents/mallet-2.0.8/sample-data/web/en/cometholmes.txt	1.50E-04	8.10E-05	0.672274662	0.017368807	1.20E-04	1.21E-04	0.003253579	9.53E-05	0.056702039	1.27E-04	3.17E-04	7.42E-05	0.012656688	0.023811535	1.20E-04	7.75E-05	4.29E-05	0.212411668	1.16E-04	7.98E-05
40	file:/Users/nevermoar/Documents/mallet-2.0.8/sample-data/web/en/areacode910.txt	6.96E-04	3.77E-04	4.16E-04	0.029688071	0.037128981	5.62E-04	5.24E-04	4.44E-04	0.337190799	5.93E-04	0.001475667	0.461110365	0.080881619	0.001181175	5.57E-04	3.61E-04	2.00E-04	0.045701434	5.40E-04	3.72E-04
41	file:/Users/nevermoar/Documents/mallet-2.0.8/sample-data/web/en/ayoteo.txt	3.83E-04	2.07E-04	2.29E-04	2.38E-04	0.012369345	0.004329101	2.88E-04	2.44E-04	4.18E-04	0.06063265	8.11E-04	1.90E-04	2.37E-04	0.012710612	0.736046009	1.98E-04	1.10E-04	0.169858278	2.97E-04	2.04E-04
42	file:/Users/nevermoar/Documents/mallet-2.0.8/sample-data/web/en/barneyglaser.txt	6.19E-04	3.35E-04	3.70E-04	3.85E-04	4.98E-04	4.99E-04	4.66E-04	3.95E-04	6.76E-04	0.28674512	0.274520075	3.08E-04	3.83E-04	0.001050556	4.96E-04	3.21E-04	1.78E-04	0.430944148	4.80E-04	3.31E-04
43	file:/Users/nevermoar/Documents/mallet-2.0.8/sample-data/web/en/ordotempliorientis.txt	4.14E-05	2.24E-05	2.48E-05	0.066990159	3.33E-05	3.34E-05	3.12E-05	0.047423268	4.52E-05	0.050041157	0.079227486	2.06E-05	2.56E-05	0.154436223	3.31E-05	2.15E-05	1.19E-05	0.042287031	3.21E-05	0.559218366
44	file:/Users/nevermoar/Documents/mallet-2.0.8/sample-data/web/en/memorialfieldairport.txt	1.85E-04	1.00E-04	1.11E-04	1.15E-04	0.222055911	1.49E-04	1.39E-04	1.18E-04	0.041079707	1.58E-04	3.93E-04	0.552912403	1.15E-04	0.048978136	0.004041382	9.60E-05	5.32E-05	0.128956493	1.44E-04	9.90E-05
45	file:/Users/nevermoar/Documents/mallet-2.0.8/sample-data/web/en/standardraidlevels.txt	6.34E-05	3.43E-05	0.227775376	3.94E-05	5.10E-05	5.11E-05	4.77E-05	4.04E-05	6.92E-05	5.40E-05	0.026104417	3.15E-05	0.744514285	7.73E-04	5.07E-05	3.29E-05	1.82E-05	1.66E-04	4.92E-05	3.39E-05
46	file:/Users/nevermoar/Documents/mallet-2.0.8/sample-data/web/en/terrorismintheunited.txt	0.009557002	3.65E-06	4.03E-06	0.066573094	4.30E-04	0.474193913	5.07E-06	4.29E-06	0.019956795	0.005735899	1.43E-05	0.006723903	5.70E-04	0.019182703	5.39E-06	0.001276859	1.93E-06	0.392639716	5.22E-06	0.003116276
47	file:/Users/nevermoar/Documents/mallet-2.0.8/sample-data/web/en/redneck.txt	1.34E-04	7.25E-05	0.001487128	0.118271799	1.08E-04	1.08E-04	0.296978979	8.54E-05	0.035321252	1.14E-04	0.190229635	6.65E-05	8.28E-05	2.27E-04	0.014177235	0.012732461	3.85E-05	0.328182246	1.04E-04	0.001478533
48	file:/Users/nevermoar/Documents/mallet-2.0.8/sample-data/web/en/electrostaticloudspe.txt	6.82E-05	3.69E-05	0.606892019	4.24E-05	0.283777542	5.50E-05	5.13E-05	7.60E-04	7.44E-05	5.81E-05	0.023071643	3.39E-05	0.020819857	0.011579252	0.037311087	0.00791653	1.96E-05	1.78E-04	0.00721761	3.64E-05
49	file:/Users/nevermoar/Documents/mallet-2.0.8/sample-data/web/en/marielboatlift.txt	5.43E-05	0.004020885	0.004594179	0.049072129	4.37E-05	0.383227212	0.113513331	0.008017587	0.002910282	0.012020735	0.005817185	2.70E-05	3.36E-05	0.216773199	0.008026425	0.009151545	1.56E-05	0.166644151	0.016008075	2.90E-05
50	file:/Users/nevermoar/Documents/mallet-2.0.8/sample-data/web/en/capcom.txt	9.37E-05	5.07E-05	5.61E-05	5.83E-05	7.54E-05	7.56E-05	7.05E-05	5.97E-05	1.02E-04	0.005986944	0.010043786	0.055179347	0.078819118	0.234473409	7.50E-05	4.86E-05	0.040392004	0.0022139	0.572075508	5.00E-05
51	file:/Users/nevermoar/Documents/mallet-2.0.8/sample-data/web/en/graciebarra.txt	4.79E-04	0.46320077	2.87E-04	2.98E-04	3.86E-04	3.86E-04	3.61E-04	0.005337293	5.23E-04	0.332518298	0.136878522	2.38E-04	2.96E-04	8.13E-04	3.83E-04	2.48E-04	1.38E-04	0.056603257	3.72E-04	2.56E-04
52	file:/Users/nevermoar/Documents/mallet-2.0.8/sample-data/web/en/x86.txt	2.18E-05	1.18E-05	0.057722137	1.36E-05	1.75E-05	1.76E-05	1.64E-05	1.39E-05	2.38E-05	1.86E-05	0.027526728	1.08E-05	0.914198855	3.70E-05	1.74E-05	1.13E-05	6.26E-06	2.86E-04	1.69E-05	1.16E-05
53	file:/Users/nevermoar/Documents/mallet-2.0.8/sample-data/web/en/kenwilber.txt	0.004718086	2.67E-05	0.044641614	3.07E-05	0.025976997	3.98E-05	3.72E-05	3.15E-05	5.39E-05	0.013529449	0.697298006	2.45E-05	3.05E-05	8.38E-05	3.95E-05	0.008844257	1.42E-05	0.080015761	0.001075789	0.123487692
54	file:/Users/nevermoar/Documents/mallet-2.0.8/sample-data/web/en/memberstatesofunesco.txt	2.39E-04	1.29E-04	1.43E-04	0.777618455	1.92E-04	1.93E-04	1.80E-04	0.037771686	2.60E-04	2.03E-04	0.033109602	1.19E-04	1.48E-04	0.13834325	1.91E-04	1.24E-04	0.005084504	0.005639724	1.85E-04	1.27E-04
55	file:/Users/nevermoar/Documents/mallet-2.0.8/sample-data/web/en/brucegolding.txt	0.006928486	5.86E-05	6.47E-05	0.653677508	8.71E-05	0.044419091	8.14E-05	0.004615825	0.035356159	9.22E-05	0.019553478	5.37E-05	6.69E-05	0.119538483	0.001223304	5.61E-05	3.11E-05	0.113954063	8.39E-05	5.78E-05
56	file:/Users/nevermoar/Documents/mallet-2.0.8/sample-data/web/en/bigthree.txt	3.27E-04	0.388855067	0.027712882	2.04E-04	2.64E-04	2.64E-04	0.086237104	0.020846461	3.57E-04	0.072511154	6.94E-04	1.63E-04	2.03E-04	0.076227283	0.158484828	1.70E-04	9.40E-05	0.165957578	2.54E-04	1.75E-04
57	file:/Users/nevermoar/Documents/mallet-2.0.8/sample-data/web/en/yogurt.txt	4.89E-05	2.65E-05	2.92E-05	3.04E-05	3.93E-05	0.009280948	0.088858166	0.029296	5.33E-05	0.004662411	0.013965887	2.43E-05	3.02E-05	8.29E-05	3.91E-05	0.788122542	1.40E-05	0.032986475	3.79E-05	0.032371459
58	file:/Users/nevermoar/Documents/mallet-2.0.8/sample-data/web/en/braithwaitesurname.txt	0.007356731	0.004876163	1.35E-04	0.012024901	1.82E-04	0.009689781	1.70E-04	1.44E-04	0.111957622	1.93E-04	4.80E-04	1.12E-04	1.40E-04	3.84E-04	0.012065184	1.17E-04	6.50E-05	0.839610553	1.75E-04	1.21E-04
59	file:/Users/nevermoar/Documents/mallet-2.0.8/sample-data/web/en/twinpeaks.txt	0.219178994	1.22E-05	2.50E-04	1.40E-05	0.008073633	1.82E-05	1.70E-05	1.44E-05	9.72E-04	1.92E-05	0.028241984	0.011857495	1.40E-05	0.004776781	0.028449154	1.17E-05	6.48E-06	0.295268577	0.402791491	1.20E-05
60	file:/Users/nevermoar/Documents/mallet-2.0.8/sample-data/web/en/chalice.txt	0.074005151	0.050310508	5.61E-05	5.84E-05	0.049349733	7.57E-05	0.053286774	0.067072745	0.024739453	7.99E-05	0.102689231	4.66E-05	5.80E-05	1.59E-04	0.004017008	0.011874431	2.69E-05	2.45E-04	7.28E-05	0.56177629
61	file:/Users/nevermoar/Documents/mallet-2.0.8/sample-data/web/en/listoftopicscharacte.txt	0.001134554	8.24E-06	0.104586706	9.47E-06	0.016162615	1.23E-05	0.010245351	0.005126649	6.56E-04	0.022079804	0.4787866	7.56E-06	9.42E-06	0.010899337	1.22E-05	0.277762158	0.011517502	0.012672234	1.18E-05	0.048299315
62	file:/Users/nevermoar/Documents/mallet-2.0.8/sample-data/web/en/soda.txt	3.26E-04	1.77E-04	1.95E-04	2.03E-04	0.055108007	2.63E-04	0.072230154	2.08E-04	3.56E-04	2.78E-04	6.92E-04	1.62E-04	0.154454456	5.54E-04	2.61E-04	0.473210451	0.030944242	0.155105195	0.051670614	0.003602096
63	file:/Users/nevermoar/Documents/mallet-2.0.8/sample-data/web/en/takashitakeuchi.txt	9.45E-04	5.12E-04	5.65E-04	5.88E-04	7.61E-04	7.62E-04	7.11E-04	6.02E-04	0.001030952	8.05E-04	0.00200306	4.69E-04	0.010512176	0.001603319	7.56E-04	4.90E-04	2.71E-04	0.091817646	0.884289566	5.05E-04
64	file:/Users/nevermoar/Documents/mallet-2.0.8/sample-data/web/en/segwaypt.txt	2.04E-04	1.10E-04	1.22E-04	1.27E-04	0.709976154	1.64E-04	1.53E-04	0.002267714	2.22E-04	0.02155331	0.004707353	1.01E-04	1.26E-04	0.124348649	0.004438841	1.05E-04	0.036404267	0.094603283	1.58E-04	1.09E-04
65	file:/Users/nevermoar/Documents/mallet-2.0.8/sample-data/web/en/wikipediarequestedmo.txt	2.78E-04	1.50E-04	0.008919418	1.73E-04	2.24E-04	2.24E-04	2.09E-04	1.77E-04	0.009056265	2.37E-04	0.902175001	1.38E-04	0.014760583	0.050073056	2.22E-04	1.44E-04	7.98E-05	0.003643468	2.15E-04	0.008901595
66	file:/Users/nevermoar/Documents/mallet-2.0.8/sample-data/web/en/ucanttouchthis.txt	0.022243148	0.015374715	9.67E-05	0.00349775	0.006924436	1.30E-04	0.003518848	1.03E-04	1.76E-04	1.38E-04	0.005438437	8.03E-05	1.00E-04	0.032547221	0.774678974	0.008576664	0.010237882	0.054776831	0.061274057	8.64E-05
67	file:/Users/nevermoar/Documents/mallet-2.0.8/sample-data/web/en/opengl.txt	2.29E-05	1.24E-05	0.032211837	0.002657364	1.84E-05	1.84E-05	1.72E-05	1.46E-05	2.50E-05	1.95E-05	0.015666989	0.001212784	0.945774855	0.002201369	1.83E-05	1.19E-05	6.57E-06	5.98E-05	1.77E-05	1.22E-05
68	file:/Users/nevermoar/Documents/mallet-2.0.8/sample-data/web/en/royal_s_copeland.txt	1.31E-04	7.08E-05	7.83E-05	0.742115592	1.05E-04	1.05E-04	9.85E-05	8.34E-05	0.024877174	0.089430394	2.77E-04	6.50E-05	8.09E-05	2.22E-04	1.05E-04	0.016557439	3.76E-05	0.125388285	1.01E-04	6.99E-05
69	file:/Users/nevermoar/Documents/mallet-2.0.8/sample-data/web/en/ellenharvelle.txt	0.910408977	6.36E-05	7.02E-05	7.31E-05	9.45E-05	9.47E-05	8.84E-05	7.48E-05	1.28E-04	1.00E-04	0.050820624	0.001291772	0.001306088	1.99E-04	9.40E-05	6.08E-05	3.37E-05	0.001540247	0.033394416	6.27E-05
70	file:/Users/nevermoar/Documents/mallet-2.0.8/sample-data/web/en/abbeymillsmosque.txt	9.91E-05	5.37E-05	0.001100149	6.16E-05	7.97E-05	0.105208386	7.46E-05	6.32E-05	0.306125628	8.44E-05	0.125115131	4.92E-05	6.13E-05	0.402987105	7.93E-05	5.13E-05	2.85E-05	0.017953781	7.68E-05	0.040647078
71	file:/Users/nevermoar/Documents/mallet-2.0.8/sample-data/web/en/mementofilm.txt	0.064317117	1.93E-05	7.69E-04	2.21E-05	2.86E-05	2.87E-05	2.68E-05	2.27E-05	3.88E-05	0.008999832	0.113315563	0.001138859	0.014597472	0.016504473	7.76E-04	0.008240495	1.02E-05	0.151079831	0.62004548	1.90E-05
72	file:/Users/nevermoar/Documents/mallet-2.0.8/sample-data/web/en/colorchart.txt	2.17E-04	1.18E-04	0.452464492	1.35E-04	0.15780672	1.75E-04	0.023008855	1.39E-04	2.37E-04	1.85E-04	0.050720317	1.08E-04	0.144059102	3.69E-04	0.134960538	1.13E-04	6.25E-05	0.002852729	0.032151906	1.16E-04
73	file:/Users/nevermoar/Documents/mallet-2.0.8/sample-data/web/en/brainstorming.txt	5.54E-05	0.012262588	0.001198177	0.002947016	4.46E-05	4.47E-05	4.17E-05	6.18E-04	6.43E-04	4.72E-05	0.809214244	2.75E-05	0.113622392	0.051936845	0.001209379	2.87E-05	1.59E-05	0.005969912	4.30E-05	2.96E-05
74	file:/Users/nevermoar/Documents/mallet-2.0.8/sample-data/web/en/greatlakestwa.txt	1.84E-04	9.96E-05	1.10E-04	0.036813117	1.48E-04	0.019463405	0.807510189	1.17E-04	2.01E-04	1.57E-04	0.091170754	0.007817362	1.14E-04	0.035079148	1.47E-04	9.53E-05	5.28E-05	4.80E-04	1.43E-04	9.82E-05
75	file:/Users/nevermoar/Documents/mallet-2.0.8/sample-data/web/en/dwavesystems.txt	6.52E-05	7.20E-04	0.552196198	4.06E-05	5.25E-05	5.26E-05	4.91E-05	4.16E-05	7.11E-05	0.073356832	0.051517613	3.24E-05	0.165139448	0.0932786	5.22E-05	3.38E-05	1.87E-05	0.063195776	5.06E-05	3.48E-05
76	file:/Users/nevermoar/Documents/mallet-2.0.8/sample-data/web/en/sentinelprime.txt	0.037279263	0.001005872	1.88E-05	1.95E-05	0.009584447	0.016506672	2.36E-05	2.00E-05	3.42E-05	3.56E-04	0.034677375	1.56E-05	1.94E-05	0.021808637	0.00365101	1.63E-05	0.851106715	0.014585587	0.009253901	1.68E-05
77	file:/Users/nevermoar/Documents/mallet-2.0.8/sample-data/web/en/monaragalaroyalcolle.txt	0.0018053	0.019942332	0.00107996	0.001123244	0.001453045	0.001456007	0.001358809	0.001150712	0.001969439	0.930813703	0.003826468	0.019861404	0.001116716	0.003062837	0.001444662	9.36E-04	5.19E-04	0.004716985	0.001400168	9.64E-04
78	file:/Users/nevermoar/Documents/mallet-2.0.8/sample-data/web/en/thekominas.txt	2.23E-04	1.21E-04	0.002476853	0.00951242	1.80E-04	1.80E-04	0.063439871	1.42E-04	2.43E-04	1.90E-04	0.134046977	1.11E-04	1.38E-04	3.78E-04	0.487607009	1.16E-04	6.41E-05	0.129470202	1.73E-04	0.171187787
79	file:/Users/nevermoar/Documents/mallet-2.0.8/sample-data/web/en/thenewyorktimes.txt	1.70E-05	9.22E-06	1.02E-05	0.06798026	1.37E-05	0.026307261	1.28E-05	1.09E-05	0.014506846	0.00788468	0.141699183	8.46E-06	0.029523677	0.231304619	1.36E-05	8.82E-06	4.89E-06	0.480661574	1.32E-05	9.09E-06
80	file:/Users/nevermoar/Documents/mallet-2.0.8/sample-data/web/en/curveball.txt	0.014410444	0.22344559	0.15082264	6.52E-05	0.378634908	8.45E-05	0.003380159	6.68E-05	0.001214715	8.93E-05	0.148781131	5.20E-05	6.48E-05	1.78E-04	8.38E-05	5.43E-05	3.01E-05	0.078404786	8.12E-05	5.59E-05
81	file:/Users/nevermoar/Documents/mallet-2.0.8/sample-data/web/en/dembaba.txt	6.50E-05	0.945602431	3.89E-05	4.04E-05	5.23E-05	0.016437696	7.32E-04	0.002772305	7.09E-05	5.54E-05	0.013792151	3.23E-05	4.02E-05	0.00693746	5.20E-05	0.002764561	1.87E-05	0.010410609	5.04E-05	3.47E-05
82	file:/Users/nevermoar/Documents/mallet-2.0.8/sample-data/web/en/popidol.txt	9.87E-04	4.64E-05	5.13E-05	0.02348251	6.90E-05	0.003673666	6.46E-05	5.47E-05	9.36E-05	7.31E-05	0.059655782	4.26E-05	5.31E-05	0.028080274	0.803868305	4.45E-05	0.001826879	0.051588009	0.02619903	4.58E-05
83	file:/Users/nevermoar/Documents/mallet-2.0.8/sample-data/web/en/joeygreco.txt	0.100586875	1.36E-04	1.50E-04	1.56E-04	2.02E-04	0.002843124	1.89E-04	1.60E-04	2.74E-04	2.14E-04	0.005813564	1.25E-04	1.55E-04	4.26E-04	2.01E-04	0.002770667	7.22E-05	0.724128699	0.161259868	1.34E-04
84	file:/Users/nevermoar/Documents/mallet-2.0.8/sample-data/web/en/lowlatency.txt	0.020128352	0.010899031	0.012041113	0.012523711	0.01620085	0.016233877	0.015150158	0.012829962	0.021958438	0.017151503	0.042663539	0.009996727	0.646800208	0.034149373	0.016107387	0.010431406	0.005781173	0.052592442	0.015611302	0.010749449
85	file:/Users/nevermoar/Documents/mallet-2.0.8/sample-data/web/en/dermotahern.txt	9.78E-05	5.29E-05	5.85E-05	0.409825653	7.87E-05	7.88E-05	0.015478275	6.23E-05	0.015511342	0.029865708	0.032043575	4.86E-05	6.05E-05	0.382202238	0.001105211	5.07E-05	2.81E-05	0.11322318	7.58E-05	5.22E-05
86	file:/Users/nevermoar/Documents/mallet-2.0.8/sample-data/web/en/faithinbuddhism.txt	2.25E-05	2.49E-04	1.35E-05	1.40E-05	1.81E-05	0.006170952	1.70E-05	1.44E-05	2.61E-04	0.001202423	0.279526135	1.12E-05	1.39E-05	3.82E-05	1.80E-05	1.17E-05	6.47E-06	2.96E-04	1.75E-05	0.712078473
87	file:/Users/nevermoar/Documents/mallet-2.0.8/sample-data/web/en/tulku.txt	0.002419088	1.14E-04	1.26E-04	1.31E-04	1.69E-04	1.70E-04	0.006784737	1.34E-04	2.29E-04	1.79E-04	0.197031152	1.04E-04	1.30E-04	3.57E-04	1.68E-04	1.09E-04	6.04E-05	0.033681771	1.63E-04	0.757739493
88	file:/Users/nevermoar/Documents/mallet-2.0.8/sample-data/web/en/tommydavisscientolog.txt	1.35E-04	7.29E-05	8.06E-05	0.005743682	1.08E-04	1.09E-04	1.01E-04	8.59E-05	0.005806816	0.012849495	0.010190277	6.69E-05	8.33E-05	0.230868469	0.002937725	0.02129434	3.87E-05	0.68378197	0.004349374	0.021296468
89	file:/Users/nevermoar/Documents/mallet-2.0.8/sample-data/web/en/lamanai.txt	8.34E-05	4.52E-05	0.034238576	5.19E-05	0.070197742	6.73E-05	0.568997109	5.32E-05	0.195580017	7.11E-05	0.08170367	4.14E-05	0.021090792	1.42E-04	6.68E-05	4.32E-05	2.40E-05	2.18E-04	6.47E-05	0.027220164
90	file:/Users/nevermoar/Documents/mallet-2.0.8/sample-data/web/en/bankofengland.txt	0.001557934	2.59E-05	2.87E-05	0.023686785	3.86E-05	0.018662218	3.61E-05	3.05E-05	0.16615442	0.002054187	0.037348706	2.38E-05	2.96E-05	0.69167024	3.83E-05	2.48E-05	1.38E-05	0.055995915	3.72E-05	0.002542287
91	file:/Users/nevermoar/Documents/mallet-2.0.8/sample-data/web/en/theadventuresofdrmcn.txt	0.264406261	9.85E-06	1.09E-05	1.13E-05	0.003262178	1.47E-05	0.00650877	1.16E-05	0.004222539	0.014342884	0.049706824	9.03E-06	1.12E-05	0.02257261	2.06E-04	0.022933246	0.534703364	0.077033349	1.41E-05	9.71E-06
92	file:/Users/nevermoar/Documents/mallet-2.0.8/sample-data/web/en/nocturnalemission.txt	0.035209676	9.03E-05	0.073689836	1.04E-04	1.34E-04	1.35E-04	1.26E-04	1.06E-04	1.82E-04	1.42E-04	0.256166589	8.28E-05	1.03E-04	2.83E-04	1.33E-04	0.466156816	4.79E-05	0.016205097	1.29E-04	0.150773482
93	file:/Users/nevermoar/Documents/mallet-2.0.8/sample-data/web/en/rahul.txt	3.33E-04	0.003680212	1.99E-04	2.07E-04	2.68E-04	2.69E-04	2.51E-04	2.12E-04	3.63E-04	2.84E-04	0.00770578	1.65E-04	2.06E-04	5.65E-04	2.67E-04	1.73E-04	9.57E-05	0.427848114	0.010757841	0.546149313
94	file:/Users/nevermoar/Documents/mallet-2.0.8/sample-data/web/en/boniver.txt	0.029896387	3.20E-05	3.54E-05	3.68E-05	4.76E-05	4.77E-05	4.45E-05	3.77E-05	0.009388682	6.72E-04	0.023746548	2.94E-05	0.003766254	0.00942452	0.796949624	0.001895492	0.001260212	0.113908989	0.008748414	3.16E-05
95	file:/Users/nevermoar/Documents/mallet-2.0.8/sample-data/web/en/uncharteddrakesfortu.txt	0.0343597	2.64E-05	2.92E-05	3.03E-05	0.057394858	0.014378222	0.014887701	3.11E-05	5.32E-05	4.15E-05	0.063092088	2.42E-05	0.094769351	8.27E-05	0.010793189	2.53E-05	0.144427262	0.031877805	0.53364993	2.60E-05
96	file:/Users/nevermoar/Documents/mallet-2.0.8/sample-data/web/en/omegat.txt	7.22E-05	7.98E-04	4.32E-05	4.49E-05	0.001575906	5.83E-05	0.001572136	4.60E-05	7.88E-05	0.001579318	0.044168228	0.005348046	0.928156431	0.016059066	5.78E-05	3.74E-05	2.07E-05	1.89E-04	5.60E-05	3.86E-05
97	file:/Users/nevermoar/Documents/mallet-2.0.8/sample-data/web/en/edwardpney.txt	3.78E-05	2.05E-05	0.538022492	2.35E-05	0.027049639	0.043738028	2.85E-05	8.19E-04	4.13E-05	0.122810633	0.026702025	0.006376243	2.34E-05	6.42E-05	3.03E-05	1.96E-05	1.09E-05	0.234132743	2.93E-05	2.02E-05
98	file:/Users/nevermoar/Documents/mallet-2.0.8/sample-data/web/en/brethrenofthefreespi.txt	0.004324529	7.20E-05	7.96E-05	8.28E-05	1.07E-04	0.00290162	0.015469046	0.142596765	0.004336622	0.004304859	0.197283771	6.61E-05	8.23E-05	0.005814351	0.001503608	0.001466103	3.82E-05	0.07719221	1.03E-04	0.542175458
99	file:/Users/nevermoar/Documents/mallet-2.0.8/sample-data/web/en/chalfontstpeter.txt	0.005650651	7.11E-05	7.86E-05	8.17E-05	1.06E-04	1.06E-04	9.89E-05	8.37E-05	0.786643898	0.005631225	0.012696834	0.019382793	8.12E-05	0.008501797	0.008384063	0.002827722	3.77E-05	0.149364362	1.02E-04	7.01E-05
100	file:/Users/nevermoar/Documents/mallet-2.0.8/sample-data/web/en/bmwm5.txt	4.01E-05	0.003391939	8.67E-04	2.50E-05	0.916733285	3.23E-05	3.02E-05	2.56E-05	4.37E-05	4.55E-04	0.007668005	1.99E-05	2.48E-05	0.028293665	0.03457689	2.08E-05	1.15E-05	1.05E-04	0.007614108	2.14E-05
101	file:/Users/nevermoar/Documents/mallet-2.0.8/sample-data/web/en/hockeytape.txt	8.44E-04	0.177873474	5.05E-04	5.25E-04	0.754698657	6.81E-04	6.36E-04	5.38E-04	9.21E-04	7.20E-04	0.001789835	4.19E-04	5.22E-04	0.054657516	6.76E-04	4.38E-04	2.43E-04	0.002206376	6.55E-04	4.51E-04
102	file:/Users/nevermoar/Documents/mallet-2.0.8/sample-data/web/en/patlaborthemovie.txt	0.034030838	9.69E-05	0.026436284	1.11E-04	0.018950656	0.067848014	1.35E-04	1.14E-04	0.052853678	1.53E-04	3.79E-04	8.89E-05	0.013275334	0.028513573	1.43E-04	0.003854091	0.099726205	0.064410079	0.588784285	9.56E-05
103	file:/Users/nevermoar/Documents/mallet-2.0.8/sample-data/web/en/ijustcantwaittobekin.txt	0.047522385	1.43E-04	1.58E-04	1.65E-04	2.13E-04	2.13E-04	0.027997859	1.69E-04	0.036426971	2.25E-04	0.128434833	1.31E-04	1.64E-04	4.49E-04	0.358814786	1.37E-04	7.60E-05	0.070188128	0.328229711	1.41E-04
104	file:/Users/nevermoar/Documents/mallet-2.0.8/sample-data/web/en/mongolbow.txt	1.73E-04	0.034719389	0.001926169	1.08E-04	0.337282213	0.278965943	0.193304162	1.11E-04	1.89E-04	1.48E-04	0.082375354	8.62E-05	1.07E-04	0.002116711	1.39E-04	8.99E-05	4.98E-05	0.004098056	1.35E-04	0.063876377
105	file:/Users/nevermoar/Documents/mallet-2.0.8/sample-data/web/en/tashnarnia.txt	0.680766537	1.10E-04	1.21E-04	1.26E-04	1.63E-04	1.64E-04	0.002286286	1.29E-04	2.22E-04	1.73E-04	0.145503542	1.01E-04	1.26E-04	0.006744834	1.63E-04	1.05E-04	5.83E-05	0.011197772	1.58E-04	0.151581827
106	file:/Users/nevermoar/Documents/mallet-2.0.8/sample-data/web/en/missionaryldschurch.txt	0.026033111	1.58E-05	1.74E-05	0.012255291	2.34E-05	2.35E-05	0.043463878	1.86E-05	0.009821507	0.114442367	0.201363195	1.45E-05	1.80E-05	0.14444803	2.33E-05	1.51E-05	8.36E-06	0.145086572	0.002470021	0.300438109
107	file:/Users/nevermoar/Documents/mallet-2.0.8/sample-data/web/en/farringdonstation.txt	7.22E-05	7.98E-04	0.012185315	4.49E-05	0.00385255	5.83E-05	5.44E-05	4.60E-05	0.109357705	6.16E-05	1.53E-04	0.8644016	4.47E-05	1.23E-04	5.78E-05	0.00762625	2.07E-05	9.48E-04	5.60E-05	3.86E-05
108	file:/Users/nevermoar/Documents/mallet-2.0.8/sample-data/web/en/jamaicakincaid.txt	0.064475459	4.31E-05	4.76E-05	4.95E-05	6.41E-05	6.42E-05	0.036857548	5.07E-05	8.68E-05	0.031011296	0.277823567	3.95E-05	4.92E-05	1.35E-04	9.00E-04	4.13E-05	2.29E-05	0.588133743	6.17E-05	4.25E-05
109	file:/Users/nevermoar/Documents/mallet-2.0.8/sample-data/web/en/universitycottageclu.txt	3.12E-04	1.69E-04	1.87E-04	1.94E-04	2.51E-04	2.52E-04	2.35E-04	1.99E-04	0.43351219	0.269357511	6.62E-04	1.55E-04	1.93E-04	5.30E-04	0.006813182	1.62E-04	8.97E-05	0.286315546	2.42E-04	1.67E-04
110	file:/Users/nevermoar/Documents/mallet-2.0.8/sample-data/web/en/daveweldon.txt	2.19E-04	1.19E-04	1.31E-04	0.652617328	1.77E-04	0.027844039	1.65E-04	0.004751066	2.39E-04	0.103938375	0.021215463	0.002414587	1.36E-04	0.011900284	0.032453831	1.14E-04	6.30E-05	0.141214184	1.70E-04	1.17E-04
111	file:/Users/nevermoar/Documents/mallet-2.0.8/sample-data/web/en/bukitmerahbusinterch.txt	8.68E-04	4.70E-04	5.19E-04	5.40E-04	6.98E-04	7.00E-04	6.53E-04	5.53E-04	0.082966452	7.39E-04	0.001838769	0.893538158	5.37E-04	0.010585154	6.94E-04	4.50E-04	2.49E-04	0.002266698	6.73E-04	4.63E-04
112	file:/Users/nevermoar/Documents/mallet-2.0.8/sample-data/web/en/frenchinvasionofruss.txt	0.010083779	1.06E-05	0.014183772	1.22E-05	0.01911723	0.532803661	0.014802969	0.308101066	0.009880165	1.67E-05	0.0768582	9.71E-06	0.002887588	0.003935627	8.37E-04	0.006377297	5.62E-06	5.11E-05	1.52E-05	1.04E-05
113	file:/Users/nevermoar/Documents/mallet-2.0.8/sample-data/web/en/sobeloperator.txt	1.10E-04	5.95E-05	0.950766274	6.83E-05	0.00470345	8.86E-05	8.27E-05	7.00E-05	1.20E-04	9.36E-05	0.016385471	5.45E-05	0.026604483	1.86E-04	8.79E-05	5.69E-05	3.15E-05	2.87E-04	8.52E-05	5.87E-05
114	file:/Users/nevermoar/Documents/mallet-2.0.8/sample-data/web/en/mikitabukatkin.txt	7.95E-04	0.969283101	4.76E-04	4.95E-04	6.40E-04	0.017345586	5.98E-04	5.07E-04	8.67E-04	6.77E-04	0.001685192	3.95E-04	4.92E-04	0.001348886	6.36E-04	4.12E-04	2.28E-04	0.00207738	6.17E-04	4.25E-04
115	file:/Users/nevermoar/Documents/mallet-2.0.8/sample-data/web/en/fahdofsaudiarabia.txt	5.66E-05	3.06E-05	3.39E-05	0.050578431	6.40E-04	0.67673008	0.005394239	0.035119016	6.18E-05	0.023833274	0.009039366	2.81E-05	3.50E-05	0.064315645	0.003613052	2.93E-05	1.63E-05	0.087557924	4.39E-05	0.042843303
116	file:/Users/nevermoar/Documents/mallet-2.0.8/sample-data/web/en/bristoltemplemeadsra.txt	0.002406571	2.04E-05	2.25E-05	2.34E-05	0.011085519	3.03E-05	2.83E-05	2.40E-05	0.202194469	3.20E-05	0.032455805	0.739931942	2.32E-05	0.004012076	8.20E-04	1.95E-05	4.06E-04	0.006415499	2.92E-05	2.01E-05
117	file:/Users/nevermoar/Documents/mallet-2.0.8/sample-data/web/en/davidenichols.txt	0.021008521	0.006074524	0.035700033	1.75E-04	2.27E-04	2.27E-04	0.015016907	1.80E-04	3.07E-04	0.228233452	0.071660262	1.40E-04	1.74E-04	4.78E-04	2.26E-04	0.423562159	8.10E-05	0.196159267	2.19E-04	1.51E-04
118	file:/Users/nevermoar/Documents/mallet-2.0.8/sample-data/web/en/kennethdougall.txt	4.11E-04	0.953921608	2.46E-04	0.004570972	3.31E-04	3.31E-04	3.09E-04	2.62E-04	4.48E-04	3.50E-04	8.71E-04	2.04E-04	2.54E-04	6.97E-04	3.29E-04	2.13E-04	1.18E-04	0.035596382	3.19E-04	2.19E-04
119	file:/Users/nevermoar/Documents/mallet-2.0.8/sample-data/web/en/talkshow.txt	1.15E-04	0.004900691	0.002488052	7.16E-05	9.27E-05	9.29E-05	0.006134595	7.34E-05	1.26E-04	9.81E-05	0.208292818	0.125854113	7.12E-05	1.95E-04	0.304907773	5.97E-05	3.31E-05	0.332936958	0.013394748	6.15E-05
120	file:/Users/nevermoar/Documents/mallet-2.0.8/sample-data/web/en/bananaqueensland.txt	0.013772983	2.29E-04	2.53E-04	2.64E-04	3.41E-04	3.42E-04	0.031467416	2.70E-04	0.810325502	0.08490712	0.005347621	2.10E-04	2.62E-04	0.009618245	3.39E-04	2.20E-04	1.22E-04	0.041154958	3.29E-04	2.26E-04
121	file:/Users/nevermoar/Documents/mallet-2.0.8/sample-data/web/en/rs.txt	4.29E-04	0.00474247	2.57E-04	2.67E-04	3.46E-04	3.46E-04	0.167193313	2.74E-04	4.68E-04	0.108605938	9.10E-04	2.13E-04	0.460286051	0.248778633	0.004853559	2.22E-04	1.23E-04	0.001121742	3.33E-04	2.29E-04
122	file:/Users/nevermoar/Documents/mallet-2.0.8/sample-data/web/en/eugenics.txt	3.27E-05	1.77E-05	1.95E-05	2.03E-05	2.63E-05	7.13E-04	0.042567127	0.033986236	3.79E-04	0.017525166	0.705795148	0.00344707	2.02E-05	0.087542094	2.61E-05	0.084415845	9.38E-06	0.023415116	2.53E-05	1.74E-05
123	file:/Users/nevermoar/Documents/mallet-2.0.8/sample-data/web/en/ochspirit.txt	0.005690159	0.003081088	0.182730514	0.003540375	0.004579879	0.004589215	0.004282855	0.00362695	0.006207513	0.004848622	0.071836237	0.002826012	0.003519799	0.009653814	0.004553457	0.002948893	0.121185346	0.014867554	0.004413217	0.541018501
124	file:/Users/nevermoar/Documents/mallet-2.0.8/sample-data/web/en/centrallondon.txt	2.92E-04	1.58E-04	1.75E-04	1.82E-04	2.35E-04	2.36E-04	2.20E-04	1.86E-04	0.899838875	2.49E-04	0.034389809	0.003215177	1.81E-04	0.058826466	2.34E-04	1.51E-04	8.39E-05	7.64E-04	2.27E-04	1.56E-04
125	file:/Users/nevermoar/Documents/mallet-2.0.8/sample-data/web/en/circumcision.txt	2.34E-05	1.27E-05	1.40E-05	1.46E-05	1.88E-05	0.001001731	0.079629781	1.49E-05	2.71E-04	0.013288627	0.217508761	1.16E-05	1.45E-05	0.044514387	1.87E-05	0.553611602	6.72E-06	6.11E-05	1.81E-05	0.089944764
126	file:/Users/nevermoar/Documents/mallet-2.0.8/sample-data/web/en/rollsroycetrent.txt	4.41E-05	4.87E-04	0.016710598	2.74E-05	0.850466579	4.99E-04	4.97E-04	2.81E-05	4.81E-05	3.76E-05	9.35E-05	0.044976577	4.91E-04	0.069592374	4.99E-04	2.29E-05	1.27E-05	0.015409127	3.42E-05	2.36E-05
127	file:/Users/nevermoar/Documents/mallet-2.0.8/sample-data/web/en/omegle.txt	0.040576402	1.60E-04	1.76E-04	1.84E-04	2.37E-04	2.38E-04	2.22E-04	1.88E-04	3.22E-04	0.012645627	0.192736685	1.46E-04	0.585812659	0.050077583	2.36E-04	1.53E-04	8.47E-05	0.109220724	0.006425912	1.58E-04
128	file:/Users/nevermoar/Documents/mallet-2.0.8/sample-data/web/en/princeofpersia1989vi.txt	0.057544356	0.018365126	4.74E-05	4.93E-05	0.027547108	0.040039646	5.97E-05	5.05E-05	8.65E-05	6.76E-05	0.022654372	0.002537855	0.161617519	1.35E-04	6.34E-05	4.11E-05	0.154095804	0.002705625	0.504754779	0.007537783
129	file:/Users/nevermoar/Documents/mallet-2.0.8/sample-data/web/en/listofalbumswithtrac.txt	0.175884276	0.002771747	0.0239832	0.002777004	0.028101386	5.25E-05	4.90E-05	0.030142843	0.01443759	5.55E-05	1.38E-04	0.001400586	0.024668647	0.00216285	0.533666664	0.032871568	0.067746705	0.0466904	0.003471115	0.008928354
130	file:/Users/nevermoar/Documents/mallet-2.0.8/sample-data/web/en/loner.txt	3.02E-04	1.64E-04	1.81E-04	1.88E-04	2.43E-04	2.44E-04	0.016114323	1.93E-04	3.30E-04	0.01932173	0.893471966	1.50E-04	1.87E-04	0.003690477	2.42E-04	1.57E-04	8.69E-05	0.064336959	2.35E-04	1.62E-04
131	file:/Users/nevermoar/Documents/mallet-2.0.8/sample-data/web/en/thetartan.txt	1.50E-04	8.10E-05	8.94E-05	9.30E-05	1.20E-04	1.21E-04	1.13E-04	9.53E-05	1.63E-04	0.292245271	0.201344238	0.003215302	0.031503003	0.154165213	1.20E-04	7.75E-05	0.03302399	0.26580956	0.01739174	7.98E-05
132	file:/Users/nevermoar/Documents/mallet-2.0.8/sample-data/web/en/warwick.txt	0.023714733	3.05E-05	0.003582446	3.50E-05	4.53E-05	4.54E-05	0.00181676	3.59E-05	0.920965815	0.010102808	0.022003385	2.80E-05	0.002992131	9.55E-05	4.51E-05	2.92E-05	1.62E-05	0.014342168	4.37E-05	3.01E-05
133	file:/Users/nevermoar/Documents/mallet-2.0.8/sample-data/web/en/leeleesobieski.txt	0.068781002	4.12E-05	0.001643283	4.73E-05	6.12E-05	6.13E-05	5.72E-05	4.85E-05	8.30E-05	6.48E-05	0.04330151	3.78E-05	4.70E-05	1.29E-04	6.09E-05	3.94E-05	2.18E-05	0.30058315	0.58484998	4.06E-05
134	file:/Users/nevermoar/Documents/mallet-2.0.8/sample-data/web/en/rodimus.txt	0.037073742	2.15E-04	1.17E-05	2.17E-04	0.049353118	0.013731933	1.47E-05	1.24E-05	2.26E-04	1.66E-05	0.011915045	9.68E-06	1.21E-05	0.011087923	1.56E-05	2.15E-04	0.865560222	0.008034984	0.00226703	1.04E-05
135	file:/Users/nevermoar/Documents/mallet-2.0.8/sample-data/web/en/puffthemagicdragon.txt	0.094529537	8.11E-05	8.96E-05	9.32E-05	1.21E-04	0.011131742	0.00640469	9.54E-05	0.001736348	1.28E-04	0.104135158	7.44E-05	9.26E-05	2.54E-04	0.355617071	0.017380564	0.003189	0.264654681	0.107079907	0.033112896
136	file:/Users/nevermoar/Documents/mallet-2.0.8/sample-data/web/en/internetexplorer.txt	4.10E-05	0.002173895	2.45E-05	4.56E-04	3.30E-05	3.30E-05	3.08E-05	2.61E-05	4.47E-05	3.49E-05	0.00654197	2.03E-05	0.882227944	0.105073128	3.28E-05	2.12E-05	1.18E-05	0.003119435	3.18E-05	2.19E-05
137	file:/Users/nevermoar/Documents/mallet-2.0.8/sample-data/web/en/greycourtschool.txt	0.048845885	3.11E-04	3.44E-04	0.006391315	4.62E-04	4.63E-04	4.32E-04	3.66E-04	0.332493179	0.428899011	0.001217448	2.85E-04	3.55E-04	9.74E-04	4.60E-04	2.98E-04	1.65E-04	0.176484972	4.45E-04	3.07E-04
138	file:/Users/nevermoar/Documents/mallet-2.0.8/sample-data/web/en/blackpantherparty.txt	0.020499399	8.25E-06	9.11E-06	0.395609911	1.23E-05	0.141801115	1.15E-05	1.70E-04	1.66E-05	0.039220953	0.123257343	7.57E-06	9.42E-06	0.015549002	0.004333069	7.89E-06	3.24E-04	0.259132482	1.18E-05	8.14E-06
